ISS              
1 25544U 98067A   19039.06512571  .00001029  00000-0  23482-4 0  9994
2 25544  51.6419 283.3508 0005249   5.5878 138.9076 15.53241268155192
TIANGONG-2              
1 41765U 16057A   19038.89358902  .00004083  00000-0  52449-4 0  9990
2 41765  42.7849  17.8035 0006223  86.1516   1.0429 15.60626157136839
BANXING-2               
1 41834U 16057H   19038.87813441  .00034112  86226-5  11641-3 0  9992
2 41834  42.7768 281.8317 0014954 223.4289 196.8514 15.90066127131960
HAVELSAT                
1 42700U 98067LH  19038.67983407  .00275706  44128-4  46015-3 0  9997
2 42700  51.6189 212.0926 0002943 271.7918  88.2756 16.02407675 99282
CXBN-2                  
1 42704U 98067LM  19038.71716980  .00236095  35013-4  41265-3 0  9999
2 42704  51.6229 213.9412 0003827 282.9513  77.1069 16.01651858 99184
PHOENIX                 
1 42706U 98067LP  19038.72884397  .00048233  00000-0  21533-3 0  9995
2 42706  51.6255 224.7185 0000646 283.5179  76.5752 15.83742178 99034
X-CUBESAT               
1 42707U 98067LQ  19034.96093632  .08699549  12398-4  73318-3 0  9997
2 42707  51.6151 225.9993 0006204 290.2952  69.7401 16.38701088 98669
QBEE50-LTU-OC           
1 42708U 98067LR  19038.83569204  .00265144  41834-4  43068-3 0  9999
2 42708  51.6188 212.4094 0004031 280.2004  79.8552 16.02864527 99159
ALTAIR PATHFINDER       
1 42711U 98067LS  19038.81157727  .00019898  00000-0  15026-3 0  9996
2 42711  51.6319 244.2594 0002217   2.9611 357.1400 15.72457055 98449
SHARC                   
1 42712U 98067LT  19038.80291217  .00057950  00000-0  29082-3 0  9997
2 42712  51.6300 240.4585 0000693 215.5355 144.5601 15.81157120 98734
ZA-AEROSAT              
1 42713U 98067LU  19038.79233785  .00047300  00000-0  22923-3 0  9997
2 42713  51.6316 229.7244 0000851 320.3891  39.7049 15.81997741 98631
CSUNSAT 1               
1 42715U 98067LW  19038.73695770  .00057049  00000-0  24186-3 0  9993
2 42715  51.6291 227.0788 0001328 327.7133  32.3789 15.84759314 98667
SPACECUBE               
1 42717U 98067LY  19038.71007869  .00235595  34933-4  41047-3 0  9994
2 42717  51.6138 213.7033 0003111 275.5467  84.5189 16.01711526 98202
NJUST-1                 
1 42722U 98067MB  19038.79500729  .00036760  00000-0  20596-3 0  9994
2 42722  51.6367 234.1289 0002996  65.3334  25.1512 15.78936459 97645
LILACSAT-1              
1 42725U 98067ME  19038.91778123  .00108754  15553-4  33716-3 0  9990
2 42725  51.6306 221.1515 0000340 192.0602 314.5955 15.91550407 97732
NSIGHT-1                
1 42726U 98067MF  19038.86800421  .00013784  00000-0  13569-3 0  9991
2 42726  51.6365 255.3272 0004732  45.8713 314.2671 15.66296019 97284
SNUSAT-1B               
1 42727U 98067MG  19038.74555928  .00095812  14523-4  31147-3 0  9991
2 42727  51.6265 222.4580 0001688 328.7798  31.3108 15.90706954 97669
POLYITAN-2-SAU          
1 42732U 98067MM  19035.84948260  .08466551  12392-4  69401-3 0  9996
2 42732  51.6102 222.7661 0006965 282.1368 217.9093 16.38912453 97286
SNUSAT-1                
1 42733U 98067MN  19038.77072267  .00149091  19907-4  36965-3 0  9994
2 42733  51.6229 218.0553 0002631 302.9963  57.0792 15.95605042 97614
BEEAGLESAT              
1 42736U 98067MR  19038.83405092  .00059892  00000-0  23881-3 0  9992
2 42736  51.6279 225.3919 0001705  60.4051 299.7122 15.86014058 97583
KESTREL EYE IIM (KE2M)  
1 42982U 98067NE  19038.80533898  .00005311  00000-0  69132-4 0  9995
2 42982  51.6372 272.1785 0004022  18.4962 341.6177 15.60589688 73466
ASTERIA                 
1 43020U 98067NH  19038.88482019  .00011332  00000-0  11619-3 0  9991
2 43020  51.6407 265.3115 0001694 352.2958   7.8011 15.65492462 69333
DELLINGR (RBLE)         
1 43021U 98067NJ  19038.87567855  .00006491  00000-0  82306-4 0  9995
2 43021  51.6379 271.9242 0001615 340.9473  19.1460 15.60844173 69244
OSIRIS-3U               
1 43027U 98067NL  19038.80402524  .00180176  23489-4  50024-3 0  9999
2 43027  51.6315 240.3869 0003840 251.7515 108.3074 15.93410521 69539
1KUNS-PF                
1 43466U 98067NP  19038.84567822  .00012875  00000-0  15348-3 0  9993
2 43466  51.6376 276.2132 0000510 128.8009 231.3030 15.61456307 42444
UBAKUSAT                
1 43467U 98067NQ  19038.83755706  .00008367  00000-0  10863-3 0  9991
2 43467  51.6375 277.6550 0001671 287.7948  72.2863 15.59760865 42438
BATSU-CS1 (IRAZU)       
1 43468U 98067NR  19038.10733270  .00016698  00000-0  18767-3 0  9991
2 43468  51.6375 278.7783 0000749 141.4197 218.6851 15.62739928142339
CUBERRT                 
1 43546U 98067NU  19038.88225707  .00016995  00000-0  21172-3 0  9998
2 43546  51.6377 279.4448 0005090   6.7879 353.3182 15.60026488 32541
TEMPEST-D               
1 43547U 98067NV  19038.55139355  .00003320  00000-0  52871-4 0  9995
2 43547  51.6383 283.2308 0005748   1.1471 358.9533 15.56459586 32145
RAINCUBE                
1 43548U 98067NW  19038.84049672  .00008774  00000-0  11995-3 0  9999
2 43548  51.6371 280.6634 0005351  12.7405 347.3722 15.58296172 32651
HALOSAT                 
1 43549U 98067NX  19038.64823387  .00008754  00000-0  11972-3 0  9994
2 43549  51.6373 281.6316 0005253  14.1228 345.9911 15.58290528 32183
1998-067NY              
1 43550U 98067NY  19038.83626368  .00014579  00000-0  17983-3 0  9997
2 43550  51.6364 279.1235 0004040  35.3840 324.7420 15.60429503 32691
ENDUROSAT ONE           
1 43551U 98067NZ  19038.12851960  .00011048  00000-0  14470-3 0  9994
2 43551  51.6381 283.4107 0005703  20.5929 339.5293 15.59132825 32528
EQUISAT                 
1 43552U 98067PA  19038.73939743  .00009319  00000-0  12571-3 0  9996
2 43552  51.6391 280.7446 0006084  21.2332 338.8912 15.58564449 32570
1998-067PB              
1 43553U 98067PB  19038.13309070  .00007818  00000-0  10893-3 0  9992
2 43553  51.6394 284.2054 0006331  18.1525 341.9692 15.57960088 32525
1998-067PC              
1 43554U 98067PC  19038.82299562  .00010682  00000-0  13930-3 0  9991
2 43554  51.6381 279.8002 0005757  21.8927 338.2310 15.59290693 32170
AEROCUBE 12A            
1 43556U 18046C   19038.43148456  .00000718  00000-0  38435-4 0  9991
2 43556  51.6438 326.0875 0008130 325.4596  34.5855 15.28277064 31487
AEROCUBE 12B            
1 43557U 18046D   19038.43622496  .00000486  00000-0  30215-4 0  9993
2 43557  51.6439 326.1173 0008181 325.3118  34.7327 15.28203842 31430
LEMUR-2-VU              
1 43558U 18046E   19038.07033576  .00003641  00000-0  14104-3 0  9993
2 43558  51.6432 327.4379 0007636 324.8484  35.1991 15.28708390 31429
LEMUR-2-ALEXANDER       
1 43559U 18046F   19038.26519848  .00004301  00000-0  16415-3 0  9997
2 43559  51.6431 326.4887 0007624 325.5851  34.4634 15.28739453 31234
LEMUR-2-YUASA           
1 43560U 18046G   19038.79216891  .00003618  00000-0  14027-3 0  9996
2 43560  51.6428 324.0014 0008111 341.9888  18.0803 15.28702633 31531
LEMUR-2-TOMHENDERSON    
1 43561U 18046H   19038.00512501  .00003593  00000-0  13925-3 0  9996
2 43561  51.6430 327.7484 0008123 339.1414  20.9234 15.28731994 30972
SIRIUSSAT-1             
1 43595U 98067PG  19038.52882645  .00009767  00000-0  13514-3 0  9993
2 43595  51.6373 283.0734 0002821 344.7515  15.3391 15.57820379 27370
SIRIUSSAT-2             
1 43596U 98067PH  19038.86645177  .00009316  00000-0  12994-3 0  9999
2 43596  51.6385 281.5964 0003470 346.6142  13.4757 15.57668477 27420
TANUSHA-3               
1 43597U 98067PJ  19038.82803829  .00010458  00000-0  14129-3 0  9997
2 43597  51.6367 281.3031 0002981   5.5441 354.5583 15.58375582 27422
1998-067PK              
1 43598U 98067PK  19038.76785642  .00011165  00000-0  15035-3 0  9996
2 43598  51.6374 281.6572 0003160   1.4465 358.6536 15.58382004 27414
1998-067PN              
1 43638U 98067PN  19038.86197819  .00005742  00000-0  87822-4 0  9993
2 43638  51.6385 283.0542 0002193 338.0346  22.0551 15.56000982 19326
1998-067PP              
1 43639U 98067PP  19038.12919112  .00007934  00000-0  11616-3 0  9993
2 43639  51.6383 286.4099 0004754 331.5124  28.5608 15.56588308 19222
STARS-ME                
1 43640U 98067PQ  19038.58961878  .00005999  00000-0  90486-4 0  9993
2 43640  51.6386 284.2367 0004960 330.8151  29.2562 15.56291434 19297
PROGRESS-MS 10          
1 43702U 18091A   19038.60379852  .00001161  00000-0  25535-4 0  9999
2 43702  51.6430 285.6465 0005222   3.3746  79.8302 15.53240927155128
CYGNUS NG-10            
1 43704U 18092A   19038.60379852  .00001161  00000-0  25535-4 0  9992
2 43704  51.6430 285.6465 0005222   3.3746  79.8302 15.53240927155120
SOYUZ-MS 11             
1 43756U 18098A   19038.60379852  .00001161  00000-0  25535-4 0  9995
2 43756  51.6430 285.6465 0005222   3.3746  79.8302 15.53240927155127
ISS DEB (SEDA-AP)       
1 43870U 98067PU  19038.63155210  .00003123  00000-0  53876-4 0  9998
2 43870  51.6434 285.2561 0004036  12.1643 347.9429 15.54411400  7444
CATSAT-1                
1 44029U 98067PV  19038.26463519  .00007806  00000-0  12609-3 0  9998
2 44029  51.6390 287.3146 0004972  26.8452 333.2795 15.53891857  1123
DELPHINI                
1 44030U 98067PW  19038.13602725  .00007795  00000-0  12595-3 0  9991
2 44030  51.6389 287.9561 0004635  27.6627 332.4609 15.53886804  1074
UNITE                   
1 44031U 98067PX  19038.20022261  .00005245  00000-0  87116-4 0  9991
2 44031  51.6392 287.6343 0003274  27.5597 332.5567 15.53901115  1085
TECHEDSAT 8             
1 44032U 98067PY  19038.32835240  .00014299  00000-0  22306-3 0  9992
2 44032  51.6388 286.9900 0003217  32.9153 327.2038 15.54100321  1082
CATSAT-2                
1 44033U 98067PZ  19038.26453444  .00008597  00000-0  13798-3 0  9997
2 44033  51.6388 287.3144 0005123  27.8213 332.3051 15.53917602  1030
